run:
0::::: [13, 54]
1::::: [4, 70]
2::::: [56, 48]
3::::: [86, 61]
4::::: [85, 31]
5::::: [86, 61, 18]
6::::: [53, 52]
7::::: [78, 71]
8::::: [95, 72]
9::::: [4, 70, 22]
10::::: [46, 81]
11::::: [88, 65]
12::::: [13, 54, 9]
13::::: [95, 72, 46, 81]
14::::: [35, 98]
15::::: [12, 100]
16::::: [3, 68]
17::::: [21, 58]
18::::: [15, 59]
19::::: [4, 70, 22, 51]
20::::: [89, 85, 31]
21::::: [69, 93]
22::::: [82, 35, 98]
23::::: [15, 59, 28]
24::::: [21, 58, 19]
25::::: [49, 66]
26::::: [99, 89, 85, 31]
27::::: [83, 4, 70, 22, 51]
28::::: [97, 6]
29::::: [49, 66, 84]
30::::: [55, 13, 54, 9]
31::::: [82, 35, 98, 21, 58, 19]
32::::: [80, 7]
33::::: [15, 59, 28, 94]
34::::: [17, 99, 89, 85, 31]
35::::: [44, 97, 6]
36::::: [67, 64]
37::::: [50, 12, 100]
38::::: [62, 88, 65]
39::::: [15, 59, 28, 94, 82, 35, 98, 21, 58, 19]
40::::: [83, 4, 70, 22, 51, 15, 59, 28, 94, 82, 35, 98, 21, 58, 19]
41::::: [50, 12, 100, 33]
42::::: [3, 68, 34]
43::::: [36, 17, 99, 89, 85, 31]
44::::: [39, 36, 17, 99, 89, 85, 31]
45::::: [53, 52, 95, 72, 46, 81]
46::::: [44, 97, 6, 86, 61, 18]
47::::: [3, 68, 34, 83, 4, 70, 22, 51, 15, 59, 28, 94, 82, 35, 98, 21, 58, 19]
48::::: [44, 97, 6, 86, 61, 18, 69, 93]
49::::: [3, 68, 34, 83, 4, 70, 22, 51, 15, 59, 28, 94, 82, 35, 98, 21, 58, 19, 44, 97, 6, 86, 61, 18, 69, 93]
50::::: [5, 16]
51::::: [3, 68, 34, 83, 4, 70, 22, 51, 15, 59, 28, 94, 82, 35, 98, 21, 58, 19, 44, 97, 6, 86, 61, 18, 69, 93, 78, 71]
52::::: [80, 7, 67, 64]
53::::: [71, 93]
54::::: [3, 68, 34, 83, 4, 70, 22, 51, 15, 59, 28, 94, 82, 35, 98, 21, 58, 19, 44, 97, 6, 86, 61, 18, 69, 93, 78, 71, 50, 12, 100, 33]
55::::: [26, 39, 36, 17, 99, 89, 85, 31]
56::::: [29, 77]
57::::: [49, 66, 84, 3, 68, 34, 83, 4, 70, 22, 51, 15, 59, 28, 94, 82, 35, 98, 21, 58, 19, 44, 97, 6, 86, 61, 18, 69, 93, 78, 71, 50, 12, 100, 33]
58::::: [10, 26, 39, 36, 17, 99, 89, 85, 31]
59::::: [55, 13, 54, 9, 1]
60::::: [49, 66, 84, 3, 68, 34, 83, 4, 70, 22, 51, 15, 59, 28, 94, 82, 35, 98, 21, 58, 19, 44, 97, 6, 86, 61, 18, 69, 93, 78, 71, 50, 12, 100, 33, 80, 7, 67, 64]
61::::: [53, 52, 95, 72, 46, 81, 49, 66, 84, 3, 68, 34, 83, 4, 70, 22, 51, 15, 59, 28, 94, 82, 35, 98, 21, 58, 19, 44, 97, 6, 86, 61, 18, 69, 93, 78, 71, 50, 12, 100, 33, 80, 7, 67, 64]
62::::: [55, 13, 54, 9, 1, 56, 48]
63::::: [96, 53, 52, 95, 72, 46, 81, 49, 66, 84, 3, 68, 34, 83, 4, 70, 22, 51, 15, 59, 28, 94, 82, 35, 98, 21, 58, 19, 44, 97, 6, 86, 61, 18, 69, 93, 78, 71, 50, 12, 100, 33, 80, 7, 67, 64]
64::::: [5, 16, 96, 53, 52, 95, 72, 46, 81, 49, 66, 84, 3, 68, 34, 83, 4, 70, 22, 51, 15, 59, 28, 94, 82, 35, 98, 21, 58, 19, 44, 97, 6, 86, 61, 18, 69, 93, 78, 71, 50, 12, 100, 33, 80, 7, 67, 64]
65::::: [55, 13, 54, 9, 1, 56, 48, 73]
66::::: [5, 16, 96, 53, 52, 95, 72, 46, 81, 49, 66, 84, 3, 68, 34, 83, 4, 70, 22, 51, 15, 59, 28, 94, 82, 35, 98, 21, 58, 19, 44, 97, 6, 86, 61, 18, 69, 93, 78, 71, 50, 12, 100, 33, 80, 7, 67, 64, 55, 13, 54, 9, 1, 56, 48, 73]
67::::: [43, 14]
68::::: [92, 62, 88, 65]
69::::: [5, 16, 96, 53, 52, 95, 72, 46, 81, 49, 66, 84, 3, 68, 34, 83, 4, 70, 22, 51, 15, 59, 28, 94, 82, 35, 98, 21, 58, 19, 44, 97, 6, 86, 61, 18, 69, 93, 78, 71, 50, 12, 100, 33, 80, 7, 67, 64, 55, 13, 54, 9, 1, 56, 48, 73, 74]
70::::: [43, 14, 5, 16, 96, 53, 52, 95, 72, 46, 81, 49, 66, 84, 3, 68, 34, 83, 4, 70, 22, 51, 15, 59, 28, 94, 82, 35, 98, 21, 58, 19, 44, 97, 6, 86, 61, 18, 69, 93, 78, 71, 50, 12, 100, 33, 80, 7, 67, 64, 55, 13, 54, 9, 1, 56, 48, 73, 74]
71::::: [91, 43, 14, 5, 16, 96, 53, 52, 95, 72, 46, 81, 49, 66, 84, 3, 68, 34, 83, 4, 70, 22, 51, 15, 59, 28, 94, 82, 35, 98, 21, 58, 19, 44, 97, 6, 86, 61, 18, 69, 93, 78, 71, 50, 12, 100, 33, 80, 7, 67, 64, 55, 13, 54, 9, 1, 56, 48, 73, 74]
72::::: [60, 10, 26, 39, 36, 17, 99, 89, 85, 31]
73::::: [91, 70]
74::::: [75, 91, 43, 14, 5, 16, 96, 53, 52, 95, 72, 46, 81, 49, 66, 84, 3, 68, 34, 83, 4, 70, 22, 51, 15, 59, 28, 94, 82, 35, 98, 21, 58, 19, 44, 97, 6, 86, 61, 18, 69, 93, 78, 71, 50, 12, 100, 33, 80, 7, 67, 64, 55, 13, 54, 9, 1, 56, 48, 73, 74]
75::::: [75, 91, 43, 14, 5, 16, 96, 53, 52, 95, 72, 46, 81, 49, 66, 84, 3, 68, 34, 83, 4, 70, 22, 51, 15, 59, 28, 94, 82, 35, 98, 21, 58, 19, 44, 97, 6, 86, 61, 18, 69, 93, 78, 71, 50, 12, 100, 33, 80, 7, 67, 64, 55, 13, 54, 9, 1, 56, 48, 73, 74, 47]
76::::: [70, 15]
77::::: [15, 70]
78::::: [75, 91, 43, 14, 5, 16, 96, 53, 52, 95, 72, 46, 81, 49, 66, 84, 3, 68, 34, 83, 4, 70, 22, 51, 15, 59, 28, 94, 82, 35, 98, 21, 58, 19, 44, 97, 6, 86, 61, 18, 69, 93, 78, 71, 50, 12, 100, 33, 80, 7, 67, 64, 55, 13, 54, 9, 1, 56, 48, 73, 74, 47, 92, 62, 88, 65]
79::::: [65, 81]
80::::: [29, 77, 75, 91, 43, 14, 5, 16, 96, 53, 52, 95, 72, 46, 81, 49, 66, 84, 3, 68, 34, 83, 4, 70, 22, 51, 15, 59, 28, 94, 82, 35, 98, 21, 58, 19, 44, 97, 6, 86, 61, 18, 69, 93, 78, 71, 50, 12, 100, 33, 80, 7, 67, 64, 55, 13, 54, 9, 1, 56, 48, 73, 74, 47, 92, 62, 88, 65]
81::::: [53, 12]
82::::: [45, 29, 77, 75, 91, 43, 14, 5, 16, 96, 53, 52, 95, 72, 46, 81, 49, 66, 84, 3, 68, 34, 83, 4, 70, 22, 51, 15, 59, 28, 94, 82, 35, 98, 21, 58, 19, 44, 97, 6, 86, 61, 18, 69, 93, 78, 71, 50, 12, 100, 33, 80, 7, 67, 64, 55, 13, 54, 9, 1, 56, 48, 73, 74, 47, 92, 62, 88, 65]
83::::: [45, 29, 77, 75, 91, 43, 14, 5, 16, 96, 53, 52, 95, 72, 46, 81, 49, 66, 84, 3, 68, 34, 83, 4, 70, 22, 51, 15, 59, 28, 94, 82, 35, 98, 21, 58, 19, 44, 97, 6, 86, 61, 18, 69, 93, 78, 71, 50, 12, 100, 33, 80, 7, 67, 64, 55, 13, 54, 9, 1, 56, 48, 73, 74, 47, 92, 62, 88, 65, 60, 10, 26, 39, 36, 17, 99, 89, 85, 31]
84::::: [60, 35]
85::::: [62, 26]
86::::: [18, 52]
87::::: [20, 45, 29, 77, 75, 91, 43, 14, 5, 16, 96, 53, 52, 95, 72, 46, 81, 49, 66, 84, 3, 68, 34, 83, 4, 70, 22, 51, 15, 59, 28, 94, 82, 35, 98, 21, 58, 19, 44, 97, 6, 86, 61, 18, 69, 93, 78, 71, 50, 12, 100, 33, 80, 7, 67, 64, 55, 13, 54, 9, 1, 56, 48, 73, 74, 47, 92, 62, 88, 65, 60, 10, 26, 39, 36, 17, 99, 89, 85, 31]
88::::: [42, 20, 45, 29, 77, 75, 91, 43, 14, 5, 16, 96, 53, 52, 95, 72, 46, 81, 49, 66, 84, 3, 68, 34, 83, 4, 70, 22, 51, 15, 59, 28, 94, 82, 35, 98, 21, 58, 19, 44, 97, 6, 86, 61, 18, 69, 93, 78, 71, 50, 12, 100, 33, 80, 7, 67, 64, 55, 13, 54, 9, 1, 56, 48, 73, 74, 47, 92, 62, 88, 65, 60, 10, 26, 39, 36, 17, 99, 89, 85, 31]
89::::: [98, 69]
90::::: [16, 19]
91::::: [15, 85]
92::::: [15, 85, 30]
93::::: [42, 20, 45, 29, 77, 75, 91, 43, 14, 5, 16, 96, 53, 52, 95, 72, 46, 81, 49, 66, 84, 3, 68, 34, 83, 4, 70, 22, 51, 15, 59, 28, 94, 82, 35, 98, 21, 58, 19, 44, 97, 6, 86, 61, 18, 69, 93, 78, 71, 50, 12, 100, 33, 80, 7, 67, 64, 55, 13, 54, 9, 1, 56, 48, 73, 74, 47, 92, 62, 88, 65, 60, 10, 26, 39, 36, 17, 99, 89, 85, 31, 98, 69]
94::::: [43, 22]
95::::: [79, 42, 20, 45, 29, 77, 75, 91, 43, 14, 5, 16, 96, 53, 52, 95, 72, 46, 81, 49, 66, 84, 3, 68, 34, 83, 4, 70, 22, 51, 15, 59, 28, 94, 82, 35, 98, 21, 58, 19, 44, 97, 6, 86, 61, 18, 69, 93, 78, 71, 50, 12, 100, 33, 80, 7, 67, 64, 55, 13, 54, 9, 1, 56, 48, 73, 74, 47, 92, 62, 88, 65, 60, 10, 26, 39, 36, 17, 99, 89, 85, 31, 98, 69]
96::::: [94, 31]
97::::: [35, 91]
98::::: [79, 42, 20, 45, 29, 77, 75, 91, 43, 14, 5, 16, 96, 53, 52, 95, 72, 46, 81, 49, 66, 84, 3, 68, 34, 83, 4, 70, 22, 51, 15, 59, 28, 94, 82, 35, 98, 21, 58, 19, 44, 97, 6, 86, 61, 18, 69, 93, 78, 71, 50, 12, 100, 33, 80, 7, 67, 64, 55, 13, 54, 9, 1, 56, 48, 73, 74, 47, 92, 62, 88, 65, 60, 10, 26, 39, 36, 17, 99, 89, 85, 31, 98, 69, 11]
99::::: [79, 42, 20, 45, 29, 77, 75, 91, 43, 14, 5, 16, 96, 53, 52, 95, 72, 46, 81, 49, 66, 84, 3, 68, 34, 83, 4, 70, 22, 51, 15, 59, 28, 94, 82, 35, 98, 21, 58, 19, 44, 97, 6, 86, 61, 18, 69, 93, 78, 71, 50, 12, 100, 33, 80, 7, 67, 64, 55, 13, 54, 9, 1, 56, 48, 73, 74, 47, 92, 62, 88, 65, 60, 10, 26, 39, 36, 17, 99, 89, 85, 31, 98, 69, 11, 90]
BUILD SUCCESSFUL (total time: 0 seconds)
